     01001    72     0     0 
     01002     0     0     0 
     01003     0     0     0 
     01004     0     0     0 
     01005     0     0     0 
     01006     0     0     0 
     01007     0     0     0 
     01008     0     0     0 
     01009     0     0     0 
     01010     0     0     0 
     02001     0     0     0 
     02002     0     0     0 
     02003     0     0     0 
     02004     0     0     0 
     02005     0     0     0 
     02006     0     0     0 
     02007     0     0     0 
     02008     0     0     0 
     02009     0     0     0 
     02010     0     0     0 
     02011     0     0     0 
     03001     0     0     0 
     03002     0     0     0 
     03003     0     0     0 
     03004     0     0     0 
     03005     0     0     0 
     03006     0     0     0 
     03007     0     0     0 
     03008     0     0     0 
     03009     0     0     0 
     04001     0     0     0 
     04002     0     0     0 
     04003     0     0     0 
     04004     0     0     0 
     04005     0     0     0 
     04006     0     0     0 
     04007     0     0     0 
     04008     0     0     0 
     04009     0     0     0 
     04010     0     0     0 
     05001     0     0     0 
     05002     0     0     0 
     05003     0     0     0 
     05004     0     0     0 
     05005     0     0     0 
     05006     0     0     0 
     05007     0     0     0 
     05008     0     0     0 
     05009     0     0     0 
     05010     0     0     0 
     06001     0     0     0 
     06002     0     0     0 
     06003     0     0     0 
     06004     0     0     0 
     06005     0     0     0 
     06006     0     0     0 
     06007     0     0     0 
     06008     0     0     0 
     06009     0     0     0 
     06010     0     0     0 
     07001     0     0     0 
     07002     0     0     0 
     07003     0     0     0 
     07004     0     0     0 
     07005     0     0     0 
     07006     0     0     0 
     07007     0     0     0 
     07008     0     0     0 
     07009     0     0     0 
     07010     0    88     0 
     08001     0     0     0 
     08002     0     0     0 
     08003     0     0     0 
     08004     0     0     0 
     08005     0     0     0 
     08006     0     0     0 
     08007     0     0     0 
     08008     0     0     0 
     08009     0     0     0 
     08010     0     0     0 
     09001     0     0     0 
     09002     0     0     0 
     09003     0     0     0 
     09004     0     0     0 
     09005     0     0     0 
     09006     0     0     0 
     09007     0     0     0 
     09008     0     0     0 
     09009     0     0     0 
     09010     0     0     0 
     10001     0     0     0 
     10002     0     0     0 
     10003     0     0     0 
     10004     0     0     0 
     10005     0     0     0 
     10006     0     0     0 
     10007     0     0     0 
     10008     0     0     0 
     10009     0     0     0 
     10010     0     0     0 
     05011     0     0     0 
